data_boletim,data,t (dias),Casos Activos,Recuperados,Casos Novos,Casos Total,Dif. Casos Totais,Óbitos,V. Activa
06/04/2020,05/04/2020,1,3,0,,3,,,8
07/04/2020,06/04/2020,2,3,0,0,3,0,,0
08/04/2020,07/04/2020,3,4,0,1,4,1,,1
09/04/2020,08/04/2020,4,5,0,1,5,1,,3
10/04/2020,09/04/2020,5,5,0,0,5,0,,4
11/04/2020,10/04/2020,6,5,0,0,5,0,,4
12/04/2020,11/04/2020,7,7,0,2,7,2,,6
13/04/2020,12/04/2020,8,7,0,0,7,0,,10
14/04/2020,13/04/2020,9,7,0,0,7,0,,10
15/04/2020,14/04/2020,10,7,0,0,7,0,,10
16/04/2020,15/04/2020,11,,,,,,,
17/04/2020,16/04/2020,12,8,0,8,8,8,,15
18/04/2020,17/04/2020,13,7,1,-1,8,0,,14
19/04/2020,18/04/2020,14,9,1,2,10,2,,14
20/04/2020,19/04/2020,15,10,1,1,11,1,,17
21/04/2020,20/04/2020,16,9,2,-1,11,0,,16
22/04/2020,21/04/2020,17,11,2,2,13,2,,16
23/04/2020,22/04/2020,18,11,3,0,13,0,,14
24/04/2020,23/04/2020,19,7,4,-4,13,0,,13
25/04/2020,24/04/2020,20,7,4,0,13,0,,13
26/04/2020,25/04/2020,21,7,4,0,13,0,,13
27/04/2020,26/04/2020,22,8,4,1,14,1,,20
28/04/2020,27/04/2020,23,10,4,2,16,2,,25
29/04/2020,28/04/2020,24,12,5,2,18,2,,24
30/04/2020,29/04/2020,25,10,7,-2,18,0,,24
01/05/2020,30/04/2020,26,10,7,0,18,0,,24
02/05/2020,01/05/2020,27,21,7,11,29,11,,40
03/05/2020,02/05/2020,28,21,7,0,29,0,,59
04/05/2020,03/05/2020,29,21,7,0,29,0,,61
05/05/2020,04/05/2020,30,26,7,5,34,5,1,79
06/05/2020,05/05/2020,31,32,7,6,40,6,1,91
07/05/2020,06/05/2020,32,38,7,6,46,6,1,105
08/05/2020,07/05/2020,33,40,7,2,48,2,1,115
09/05/2020,08/05/2020,34,41,7,1,49,1,1,106
10/05/2020,09/05/2020,35,41,7,0,49,0,1,106
11/05/2020,10/05/2020,36,43,7,2,51,2,1,106
12/05/2020,11/05/2020,37,45,8,2,54,3,1,
13/05/2020,12/05/2020,38,45,11,0,57,3,1,
14/05/2020,13/05/2020,39,47,11,2,59,2,1,
15/05/2020,14/05/2020,40,48,11,1,60,1,1,
16/05/2020,15/05/2020,41,50,11,2,62,2,1,
17/05/2020,16/05/2020,42,50,11,0,62,0,1,
18/05/2020,17/05/2020,43,50,11,0,62,0,1,
19/05/2020,18/05/2020,44,49,11,-1,62,0,2,
20/05/2020,19/05/2020,45,42,21,-7,65,3,2,
21/05/2020,20/05/2020,46,44,21,2,67,2,2,
22/05/2020,21/05/2020,47,47,21,3,70,3,2,
23/05/2020,22/05/2020,48,47,21,0,70,0,2,
24/05/2020,23/05/2020,49,49,21,2,72,2,2,
25/05/2020,24/05/2020,50,50,21,1,73,1,2,
26/05/2020,25/05/2020,51,48,23,-2,73,0,2,
27/05/2020,26/05/2020,52,51,24,3,77,4,2,
28/05/2020,27/05/2020,53,51,26,0,79,2,2,
29/05/2020,28/05/2020,54,53,27,2,82,3,2,
30/05/2020,29/05/2020,55,56,27,3,85,3,2,
31/05/2020,30/05/2020,56,61,27,5,90,5,2,
01/06/2020,31/05/2020,57,65,27,4,94,4,2,
02/06/2020,01/06/2020,58,66,31,1,99,5,2,
03/06/2020,02/06/2020,59,65,33,-1,100,1,2,
04/06/2020,03/06/2020,60,75,35,10,112,12,2,
05/06/2020,04/06/2020,61,78,34,3,114,2,2,
06/06/2020,05/06/2020,62,78,34,0,114,0,2,
07/06/2020,06/06/2020,63,84,34,6,120,6,2,
08/06/2020,07/06/2020,64,85,34,1,121,1,2,
09/06/2020,08/06/2020,65,91,34,6,127,6,2,
10/06/2020,09/06/2020,66,94,34,3,130,3,2,
11/06/2020,10/06/2020,67,94,34,0,130,0,2,
12/06/2020,11/06/2020,68,96,34,2,132,2,2,
13/06/2020,12/06/2020,69,97,34,1,133,1,2,
14/06/2020,13/06/2020,70,94,37,-3,133,0,2,
15/06/2020,14/06/2020,71,94,37,0,133,0,2,
16/06/2020,15/06/2020,72,87,44,-7,133,0,2,
17/06/2020,16/06/2020,73,78,56,-9,136,3,2,
18/06/2020,17/06/2020,74,63,71,-15,136,0,2,
19/06/2020,18/06/2020,75,60,82,-3,144,8,2,
20/06/2020,19/06/2020,76,58,84,-2,144,0,2,
21/06/2020,20/06/2020,77,57,85,-1,144,0,2,
22/06/2020,21/06/2020,78,61,85,4,148,4,2,
23/06/2020,22/06/2020,79,64,86,3,152,4,2,
24/06/2020,23/06/2020,80,62,88,-2,152,0,2,
25/06/2020,24/06/2020,81,40,111,-22,153,1,2,
26/06/2020,25/06/2020,82,41,111,1,154,1,2,
27/06/2020,26/06/2020,83,43,113,2,158,4,2,
28/06/2020,27/06/2020,84,43,113,0,158,0,2,
29/06/2020,28/06/2020,85,43,113,0,158,0,2,
30/06/2020,29/06/2020,86,42,113,-1,157,-1,2,
01/07/2020,30/06/2020,87,39,117,-3,158,1,2,
02/07/2020,01/07/2020,88,38,118,-1,158,0,2,
03/07/2020,02/07/2020,89,36,120,-2,158,0,2,
04/07/2020,03/07/2020,90,36,121,0,159,1,2,
05/07/2020,04/07/2020,91,35,123,-1,160,1,2,
06/07/2020,05/07/2020,92,36,123,1,161,1,2,
07/07/2020,06/07/2020,93,39,123,3,164,3,2,
08/07/2020,07/07/2020,94,40,123,1,165,1,2,
09/07/2020,08/07/2020,95,34,130,-6,166,1,2,
10/07/2020,09/07/2020,96,27,137,-7,166,0,2,
11/07/2020,10/07/2020,97,32,134,5,168,2,2,
12/07/2020,11/07/2020,98,24,140,-8,166,-2,2,
13/07/2020,12/07/2020,99,27,140,3,169,3,2,
14/07/2020,13/07/2020,100,30,140,3,172,3,2,
15/07/2020,14/07/2020,101,29,143,-1,174,2,2,
16/07/2020,15/07/2020,102,29,146,0,177,3,2,
17/07/2020,16/07/2020,103,30,146,1,178,1,2,
18/07/2020,17/07/2020,104,30,147,0,179,1,2,
19/07/2020,18/07/2020,105,34,147,4,183,4,2,
20/07/2020,19/07/2020,106,30,152,-4,184,1,2,
21/07/2020,20/07/2020,107,32,152,2,186,2,2,
22/07/2020,21/07/2020,108,33,152,1,187,1,2,
23/07/2020,22/07/2020,109,33,152,0,187,0,2,
24/07/2020,23/07/2020,110,31,154,-2,187,0,2,
25/07/2020,24/07/2020,111,32,154,1,188,1,2,
26/07/2020,25/07/2020,112,33,154,1,189,1,2,
27/07/2020,26/07/2020,113,33,154,0,189,0,2,
28/07/2020,27/07/2020,114,29,158,-4,189,0,2,
29/07/2020,28/07/2020,115,30,159,1,191,2,2,
30/07/2020,29/07/2020,116,27,162,-3,191,0,2,
31/07/2020,30/07/2020,117,27,162,0,191,0,2,
01/08/2020,31/07/2020,118,22,167,-5,191,0,2,
02/08/2020,01/08/2020,119,19,170,-3,191,0,2,
03/08/2020,02/08/2020,120,18,171,-1,191,0,2,
04/08/2020,03/08/2020,121,18,172,0,192,1,2,
05/08/2020,04/08/2020,122,14,176,-4,192,0,2,
06/08/2020,05/08/2020,123,13,178,-1,193,1,2,
07/08/2020,06/08/2020,124,10,181,-3,193,0,2,
08/08/2020,07/08/2020,125,11,181,1,194,1,2,
09/08/2020,08/08/2020,126,10,181,-1,193,-1,2,
10/08/2020,09/08/2020,127,9,182,-1,193,0,2,
11/08/2020,10/08/2020,128,11,182,2,195,2,2,
12/08/2020,11/08/2020,129,13,182,2,197,2,2,
13/08/2020,12/08/2020,130,13,182,0,197,0,2,
14/08/2020,13/08/2020,131,14,182,1,198,1,2,
15/08/2020,14/08/2020,132,14,182,0,198,0,2,
16/08/2020,15/08/2020,133,14,182,0,198,0,2,
17/08/2020,16/08/2020,134,14,182,0,198,0,2,
18/08/2020,17/08/2020,135,14,182,0,198,0,2,
19/08/2020,18/08/2020,136,14,182,0,198,0,2,
20/08/2020,19/08/2020,137,14,184,0,200,2,2,
21/08/2020,20/08/2020,138,13,184,-1,199,-1,2,
22/08/2020,21/08/2020,139,13,184,0,199,0,2,
23/08/2020,22/08/2020,140,13,184,0,199,0,2,
24/08/2020,23/08/2020,141,13,184,0,199,0,2,
25/08/2020,24/08/2020,142,12,184,-1,198,-1,2,
26/08/2020,25/08/2020,143,14,185,2,201,3,2,
27/08/2020,26/08/2020,144,14,185,0,202,1,2,
28/08/2020,27/08/2020,145,15,185,1,202,0,2,
29/08/2020,28/08/2020,146,13,185,-2,200,-2,2,
30/08/2020,29/08/2020,147,13,185,0,200,0,2,
31/08/2020,30/08/2020,148,13,185,0,200,0,2,
01/09/2020,31/08/2020,149,14,185,1,201,1,2,
02/09/2020,01/09/2020,150,14,185,0,201,0,2,
03/09/2020,02/09/2020,151,15,185,1,202,1,2,
04/09/2020,03/09/2020,152,16,185,1,203,1,2,
05/09/2020,04/09/2020,153,16,185,0,203,0,2,
06/09/2020,05/09/2020,154,17,185,1,204,1,2,
07/09/2020,06/09/2020,155,17,185,0,204,0,2,
08/09/2020,07/09/2020,156,14,189,-3,205,1,2,
09/09/2020,08/09/2020,157,15,189,1,206,1,2,
10/09/2020,09/09/2020,158,19,189,4,210,4,2,
11/09/2020,10/09/2020,159,19,189,0,210,0,2,
12/09/2020,11/09/2020,160,26,190,7,218,8,2,
13/09/2020,12/09/2020,161,30,190,4,222,4,2,
14/09/2020,13/09/2020,162,31,190,1,223,1,2,
15/09/2020,14/09/2020,163,30,190,-1,222,-1,2,
16/09/2020,15/09/2020,164,27,193,-3,222,0,2,
17/09/2020,16/09/2020,165,29,193,2,224,2,2,
18/09/2020,17/09/2020,166,31,194,2,227,3,2,
19/09/2020,18/09/2020,167,32,194,1,228,1,2,
20/09/2020,19/09/2020,168,35,194,3,231,3,2,
21/09/2020,20/09/2020,169,35,194,0,231,0,2,
22/09/2020,21/09/2020,170,36,194,1,232,1,2,
23/09/2020,22/09/2020,171,36,194,0,232,0,2,
24/09/2020,23/09/2020,172,36,194,0,232,0,2,
25/09/2020,24/09/2020,173,33,197,-3,232,0,2,
26/09/2020,25/09/2020,174,30,201,-3,235,3,2,
27/09/2020,26/09/2020,175,38,201,8,241,6,2,
28/09/2020,27/09/2020,176,39,201,1,242,1,2,
29/09/2020,28/09/2020,177,40,201,1,243,1,2,
30/09/2020,29/09/2020,178,41,201,1,244,1,2,
01/10/2020,30/09/2020,179,42,201,1,245,1,2,
02/10/2020,01/10/2020,180,41,204,-1,247,2,2,
03/10/2020,02/10/2020,181,40,206,-1,249,2,3,
04/10/2020,03/10/2020,182,38,211,-2,252,3,3,
05/10/2020,04/10/2020,183,39,211,1,253,1,3,
06/10/2020,05/10/2020,184,39,211,0,253,0,3,
07/10/2020,06/10/2020,185,39,211,0,254,1,4,
08/10/2020,07/10/2020,186,33,220,-6,257,3,4,
09/10/2020,08/10/2020,187,30,223,-3,257,0,4,
10/10/2020,09/10/2020,188,31,224,1,259,2,4,
11/10/2020,10/10/2020,189,32,224,1,260,1,4,
12/10/2020,11/10/2020,190,30,226,-2,260,0,4,
13/10/2020,12/10/2020,191,31,226,1,261,1,4,
14/10/2020,13/10/2020,192,31,226,0,261,0,4,
15/10/2020,14/10/2020,193,26,231,-5,261,0,4,
16/10/2020,15/10/2020,194,28,231,2,263,2,4,
17/10/2020,16/10/2020,195,29,231,1,264,1,4,
18/10/2020,17/10/2020,196,30,231,1,265,1,4,
19/10/2020,18/10/2020,197,34,231,4,269,4,4,
20/10/2020,19/10/2020,198,32,233,-2,269,0,4,
21/10/2020,20/10/2020,199,25,240,-7,269,0,4,
22/10/2020,21/10/2020,200,28,240,3,272,3,4,
23/10/2020,22/10/2020,201,37,240,9,281,9,4,
24/10/2020,23/10/2020,202,42,240,5,286,5,4,
25/10/2020,24/10/2020,203,44,240,2,288,2,4,
26/10/2020,25/10/2020,204,49,240,5,293,5,4,
27/10/2020,26/10/2020,205,55,240,6,299,6,4,
28/10/2020,27/10/2020,206,61,240,6,305,6,4,
29/10/2020,28/10/2020,207,65,240,4,309,4,4,
30/10/2020,29/10/2020,208,65,245,0,314,5,4,
31/10/2020,30/10/2020,209,74,245,9,323,9,4,
01/11/2020,31/10/2020,210,85,245,11,334,11,4,
02/11/2020,01/11/2020,211,93,245,8,342,8,4,
03/11/2020,02/11/2020,212,102,245,9,351,9,4,
04/11/2020,03/11/2020,213,108,245,6,357,6,4,
05/11/2020,04/11/2020,214,128,245,20,377,20,4,
06/11/2020,05/11/2020,215,132,245,4,381,4,4,
07/11/2020,06/11/2020,216,138,245,6,387,6,4,
08/11/2020,07/11/2020,217,140,255,2,399,12,4,
09/11/2020,08/11/2020,218,142,255,2,401,2,4,
10/11/2020,09/11/2020,219,144,255,2,403,2,4,
11/11/2020,10/11/2020,220,149,255,5,408,5,4,
12/11/2020,11/11/2020,221,150,258,1,412,4,4,
13/11/2020,12/11/2020,222,144,266,-6,414,2,4,
14/11/2020,13/11/2020,223,145,274,1,423,9,4,
15/11/2020,14/11/2020,224,154,274,9,434,11,6,
16/11/2020,15/11/2020,225,160,274,6,440,6,6,
17/11/2020,16/11/2020,226,162,274,2,442,2,6,
18/11/2020,17/11/2020,227,207,274,45,487,45,6,
19/11/2020,18/11/2020,228,203,292,-4,503,16,8,
20/11/2020,19/11/2020,229,216,292,13,516,13,8,
21/11/2020,20/11/2020,230,225,292,9,525,9,8,
22/11/2020,21/11/2020,231,235,298,10,541,16,8,
23/11/2020,22/11/2020,232,173,368,-62,549,8,8,
24/11/2020,23/11/2020,233,189,368,16,565,16,8,
25/11/2020,24/11/2020,234,210,368,21,586,21,8,
26/11/2020,25/11/2020,235,197,398,-13,603,17,8,
27/11/2020,26/11/2020,236,175,433,-22,616,13,8,
28/11/2020,27/11/2020,237,178,448,3,635,19,9,
29/11/2020,28/11/2020,238,185,451,7,645,10,9,
30/11/2020,29/11/2020,239,190,451,5,650,5,9,
01/12/2020,30/11/2020,240,197,451,7,657,7,9,
02/12/2020,01/12/2020,241,208,451,11,668,11,9,
03/12/2020,02/12/2020,242,184,482,-24,675,7,9,
04/12/2020,03/12/2020,243,195,482,11,688,13,11,
05/12/2020,04/12/2020,244,211,482,16,704,16,11,
06/12/2020,05/12/2020,245,230,482,19,724,20,12,
07/12/2020,06/12/2020,246,230,482,0,724,0,12,
08/12/2020,07/12/2020,247,203,516,-27,731,7,12,
09/12/2020,08/12/2020,248,207,521,4,740,9,12,
10/12/2020,09/12/2020,249,212,521,5,745,5,12,
11/12/2020,10/12/2020,250,219,521,7,752,7,12,
12/12/2020,11/12/2020,251,210,537,-9,759,7,12,
13/12/2020,12/12/2020,252,194,575,-16,781,22,12,
14/12/2020,13/12/2020,253,204,575,10,791,10,12,
15/12/2020,14/12/2020,254,191,592,-13,798,7,15,
16/12/2020,15/12/2020,255,199,596,8,810,12,15,
17/12/2020,16/12/2020,256,174,630,-25,819,9,15,
18/12/2020,17/12/2020,257,183,630,9,828,9,15,
19/12/2020,18/12/2020,258,180,641,-3,836,8,15,
20/12/2020,19/12/2020,259,143,683,-37,841,5,15,
21/12/2020,20/12/2020,260,146,683,3,844,3,15,
22/12/2020,21/12/2020,261,147,683,1,845,1,15,
23/12/2020,22/12/2020,262,155,683,8,853,8,15,
24/12/2020,23/12/2020,263,160,683,5,859,6,16,
25/12/2020,24/12/2020,264,168,683,8,867,8,16,
26/12/2020,25/12/2020,265,135,716,-33,867,0,16,
27/12/2020,26/12/2020,266,134,718,-1,868,1,16,
28/12/2020,27/12/2020,267,139,718,5,873,5,16,
29/12/2020,28/12/2020,268,118,740,-21,874,1,16,
30/12/2020,29/12/2020,269,101,760,-17,877,3,16,
31/12/2020,30/12/2020,270,76,785,-25,877,0,16,
01/01/2021,31/12/2020,271,69,798,-7,883,6,16,
02/01/2021,01/01/2021,272,66,802,-3,884,1,16,
03/01/2021,02/01/2021,273,67,808,1,891,7,16,
04/01/2021,03/01/2021,274,74,810,7,900,9,16,
05/01/2021,04/01/2021,275,76,810,2,902,2,16,
06/01/2021,05/01/2021,276,71,821,-5,910,8,18,
07/01/2021,06/01/2021,277,76,838,5,932,22,18,
08/01/2021,07/01/2021,278,82,840,6,940,8,18,
09/01/2021,08/01/2021,279,100,856,18,974,34,18,
10/01/2021,09/01/2021,280,105,860,5,983,9,18,
11/01/2021,10/01/2021,281,100,866,-5,984,1,18,
12/01/2021,11/01/2021,282,110,867,10,995,11,18,
13/01/2021,12/01/2021,283,115,867,5,1000,5,18,
14/01/2021,13/01/2021,284,130,876,15,1024,24,18,
15/01/2021,14/01/2021,285,148,896,18,1062,38,18,
16/01/2021,15/01/2021,286,150,910,2,1078,16,18,
17/01/2021,16/01/2021,287,155,930,5,1103,25,18,
18/01/2021,17/01/2021,288,183,930,28,1131,28,18,
19/01/2021,18/01/2021,289,185,934,2,1137,6,18,
20/01/2021,19/01/2021,290,201,934,16,1155,18,20,
21/01/2021,20/01/2021,291,197,941,-4,1158,3,20,
22/01/2021,21/01/2021,292,216,941,19,1177,19,20,
23/01/2021,22/01/2021,293,245,941,29,1207,30,21,
24/01/2021,23/01/2021,294,261,941,16,1223,16,21,
25/01/2021,24/01/2021,295,299,941,38,1261,38,21,
26/01/2021,25/01/2021,296,260,988,-39,1269,8,21,
27/01/2021,26/01/2021,297,296,1007,36,1324,55,21,
28/01/2021,27/01/2021,298,310,1007,14,1338,14,21,
29/01/2021,28/01/2021,299,333,1017,23,1371,33,21,
30/01/2021,29/01/2021,300,333,1060,0,1414,43,21,
31/01/2021,30/01/2021,301,362,1060,29,1443,29,21,
01/02/2021,31/01/2021,302,373,1070,11,1464,21,21,
02/02/2021,01/02/2021,303,358,1105,-15,1484,20,21,
03/02/2021,02/02/2021,304,,,,,,,
04/02/2021,03/02/2021,305,327,1140,,1488,,21,
05/02/2021,04/02/2021,306,339,1140,12,1500,12,21,
06/02/2021,05/02/2021,307,310,1159,-29,1490,-10,21,
07/02/2021,06/02/2021,308,305,1205,-5,1531,41,21,
08/02/2021,07/02/2021,309,304,1218,-1,1543,12,21,
09/02/2021,08/02/2021,310,286,1237,-18,1544,1,21,
10/02/2021,09/02/2021,311,241,1290,-45,1552,8,21,
11/02/2021,10/02/2021,312,235,1305,-6,1561,9,21,
12/02/2021,11/02/2021,313,214,1325,-21,1560,-1,21,
13/02/2021,12/02/2021,314,206,1350,-8,1577,17,21,
14/02/2021,13/02/2021,315,191,1365,-15,1577,0,21,
15/02/2021,14/02/2021,316,191,1366,0,1578,1,21,
16/02/2021,15/02/2021,317,189,1376,-2,1588,10,23,
17/02/2021,16/02/2021,318,166,1400,-23,1589,1,23,
18/02/2021,17/02/2021,319,159,1423,-7,1605,16,23,
19/02/2021,18/02/2021,320,160,1423,1,1606,1,23,
20/02/2021,19/02/2021,321,151,1432,-9,1606,0,23,
21/02/2021,20/02/2021,322,137,1448,-14,1608,2,23,
22/02/2021,21/02/2021,323,135,1450,-2,1608,0,23,
